Supplemental results for CODEML (seqf: FLG_combined_14mam_reformatted_pep_aligned_codon.phy  treef: 14_species_great_ape.nwk)


dN/dS (w) for site classes (K=4)

site class             0        1       2a       2b
proportion       0.15242  0.20068  0.27924  0.36767
background w     0.28118  1.00000  0.28118  1.00000
foreground w     0.28118  1.00000  1.00000  1.00000

Naive Empirical Bayes (NEB) probabilities for 4 classes
(amino acids refer to 1st sequence: mondom)

   1 M   0.38340 0.00011 0.61630 0.00020 ( 3)
   2 S   0.32895 0.04471 0.54441 0.08192 ( 3)
   3 H   0.15346 0.21096 0.24908 0.38650 ( 4)
   4 L   0.37355 0.00281 0.61850 0.00514 ( 3)
   5 K   0.40348 0.00719 0.57616 0.01317 ( 3)
   6 L   0.37272 0.00211 0.62129 0.00387 ( 3)
   7 L   0.35196 0.02017 0.59091 0.03696 ( 3)
   8 E   0.40421 0.00657 0.57719 0.01203 ( 3)
   9 N   0.18260 0.19078 0.27710 0.34953 ( 4)
  10 E   0.40898 0.00246 0.58406 0.00450 ( 3)
  11 F   0.26903 0.09732 0.45536 0.17829 ( 3)
  12 R   0.11313 0.24751 0.18590 0.45346 ( 4)
  13 P   0.39231 0.00529 0.59271 0.00969 ( 3)
  14 I   0.29965 0.07451 0.48932 0.13651 ( 3)
  15 L   0.36376 0.00901 0.61073 0.01650 ( 3)
  16 K   0.39683 0.00034 0.60220 0.00063 ( 3)
  17 N   0.40205 0.00054 0.59643 0.00098 ( 3)
  18 P   0.38583 0.00233 0.60757 0.00427 ( 3)
  19 D   0.40469 0.00071 0.59330 0.00130 ( 3)
  20 D   0.40775 0.00029 0.59143 0.00053 ( 3)
  21 P   0.38200 0.00581 0.60155 0.01064 ( 3)
  22 D   0.40397 0.00134 0.59224 0.00245 ( 3)
  23 T   0.02704 0.28979 0.15226 0.53091 ( 4)
  24 V   0.14843 0.21482 0.24317 0.39357 ( 4)
  25 E   0.21281 0.15399 0.35108 0.28212 ( 3)
  26 H   0.40096 0.00008 0.59882 0.00014 ( 3)
  27 D   0.39262 0.01097 0.57632 0.02009 ( 3)
  28 K   0.30678 0.08039 0.46555 0.14728 ( 3)
  29 K   0.40774 0.00122 0.58880 0.00224 ( 3)
  30 V   0.36621 0.01112 0.60231 0.02037 ( 3)
  31 D   0.40779 0.00025 0.59149 0.00047 ( 3)
  32 I   0.37204 0.00851 0.60387 0.01558 ( 3)
  33 E   0.39917 0.00052 0.59936 0.00095 ( 3)
  34 F   0.34277 0.02721 0.58016 0.04986 ( 3)
  35 L   0.20977 0.15556 0.34966 0.28500 ( 3)
  36 L   0.35604 0.01631 0.59777 0.02988 ( 3)
  37 M   0.37332 0.00939 0.60009 0.01720 ( 3)
  38 I   0.36595 0.02066 0.57553 0.03786 ( 3)
  39 F   0.29729 0.07133 0.50069 0.13069 ( 3)
  40 Q   0.32049 0.07002 0.48122 0.12827 ( 3)
  41 S   0.07876 0.27926 0.13035 0.51163 ( 4)
  42 I   0.00075 0.35240 0.00121 0.64563 ( 4)
  43 G   0.35270 0.04014 0.53363 0.07353 ( 3)
  44 K   0.31554 0.08079 0.45567 0.14800 ( 3)
  45 E   0.01393 0.34074 0.02108 0.62426 ( 4)
  46 E   0.20211 0.17698 0.29668 0.32424 ( 4)
  47 E   0.38401 0.02170 0.55453 0.03976 ( 3)
  48 E   0.13524 0.23716 0.19312 0.43448 ( 4)
  49 T   0.00819 0.34593 0.01212 0.63376 ( 4)
  50 D   0.01801 0.33712 0.02725 0.61762 ( 4)
  51 S   0.00038 0.35277 0.00054 0.64631 ( 4)
  52 S   0.09298 0.27060 0.14067 0.49575 ( 4)
  53 N   0.00016 0.35295 0.00027 0.64662 ( 4)
  54 S   0.00078 0.35236 0.00130 0.64556 ( 4)
  55 S   0.13506 0.23296 0.20517 0.42680 ( 4)
  56 W   0.00011 0.35299 0.00019 0.64671 ( 4)
  57 S   0.00692 0.34716 0.00989 0.63603 ( 4)
  58 A   0.01475 0.34001 0.02231 0.62293 ( 4)
  59 G   0.30582 0.08174 0.46269 0.14975 ( 3)
  60 E   0.04469 0.31415 0.06560 0.57555 ( 4)
  61 E   0.04611 0.31267 0.06840 0.57283 ( 4)
  62 P   0.00147 0.35179 0.00223 0.64451 ( 4)
  63 R   0.01013 0.34435 0.01463 0.63088 ( 4)
  64 S   0.21660 0.15095 0.35589 0.27656 ( 3)
  65 K   0.39627 0.00084 0.60135 0.00154 ( 3)
  66 K   0.21081 0.16669 0.31710 0.30539 ( 3)
  67 I   0.03737 0.31912 0.05886 0.58465 ( 4)
  68 R   0.20963 0.16709 0.31716 0.30612 ( 3)
  69 H   0.02102 0.33508 0.03002 0.61388 ( 4)
  70 R   0.18349 0.18700 0.28692 0.34259 ( 4)
  71 S   0.00487 0.34866 0.00771 0.63876 ( 4)
  72 N   0.00051 0.35263 0.00081 0.64605 ( 4)
  73 S   0.10268 0.26449 0.14827 0.48456 ( 4)
  74 R   0.01976 0.33526 0.03077 0.61421 ( 4)
  75 G   0.01222 0.34228 0.01842 0.62708 ( 4)
  76 H   0.11413 0.25526 0.16297 0.46765 ( 4)
  77 G   0.00106 0.35210 0.00176 0.64508 ( 4)
  78 K   0.00002 0.35308 0.00003 0.64687 ( 4)
  79 L   0.00126 0.35191 0.00209 0.64473 ( 4)
  80 D   0.36397 0.04106 0.51974 0.07523 ( 3)
  81 S   0.00290 0.35051 0.00442 0.64216 ( 4)
  82 H   0.39797 0.00067 0.60012 0.00123 ( 3)
  83 S   0.00831 0.34574 0.01253 0.63342 ( 4)
  84 K   0.00016 0.35274 0.00084 0.64625 ( 4)
  85 R   0.00004 0.35306 0.00007 0.64683 ( 4)
  86 S   0.04176 0.31595 0.06344 0.57885 ( 4)
  87 E   0.00214 0.35125 0.00308 0.64352 ( 4)
  88 N   0.32116 0.07594 0.46377 0.13913 ( 3)
  89 M   0.03428 0.27561 0.18518 0.50494 ( 4)
  90 E   0.22295 0.16069 0.32195 0.29440 ( 3)
  91 S   0.01596 0.33831 0.02591 0.61981 ( 4)
  92 D   0.02066 0.33476 0.03126 0.61331 ( 4)
  93 L   0.01368 0.33988 0.02377 0.62268 ( 4)
  94 E   0.00694 0.33802 0.03576 0.61928 ( 4)
  95 K   0.06154 0.29985 0.08927 0.54934 ( 4)
  96 M   0.00076 0.35243 0.00113 0.64568 ( 4)
  97 R   0.22978 0.14540 0.35845 0.26638 ( 3)
  98 T   0.00001 0.35305 0.00014 0.64681 ( 4)
  99 Q   0.01118 0.26751 0.23120 0.49010 ( 4)
 100 G   0.13898 0.03951 0.74914 0.07238 ( 3)
 101 S   0.08927 0.26979 0.14668 0.49427 ( 4)
 102 S   0.34625 0.04511 0.52600 0.08264 ( 3)
 103 S   0.00002 0.35304 0.00014 0.64680 ( 4)
 104 R   0.09500 0.26910 0.14289 0.49301 ( 4)
 105 Q   0.05486 0.30353 0.08553 0.55608 ( 4)
 106 Q   0.00731 0.34678 0.01060 0.63532 ( 4)
 107 P   0.12695 0.24018 0.19285 0.44003 ( 4)
 108 E   0.00931 0.34504 0.01352 0.63214 ( 4)
 109 S   0.04598 0.31220 0.06985 0.57197 ( 4)
 110 S   0.00010 0.35240 0.00189 0.64562 ( 4)
 111 T   0.14126 0.22715 0.21544 0.41615 ( 4)
 112 H   0.39800 0.00268 0.59440 0.00492 ( 3)
 113 S   0.09218 0.26676 0.15235 0.48872 ( 4)
 114 S   0.38093 0.00306 0.61039 0.00561 ( 3)
 115 G   0.09507 0.26614 0.15121 0.48758 ( 4)
 116 S   0.11460 0.25220 0.17114 0.46206 ( 4)
 117 G   0.38643 0.00049 0.61218 0.00090 ( 3)
 118 Q   0.36197 0.03440 0.54060 0.06303 ( 3)
 119 R   0.00589 0.34757 0.00975 0.63678 ( 4)
 120 E   0.02220 0.33315 0.03429 0.61036 ( 4)
 121 S   0.34430 0.05519 0.49940 0.10111 ( 3)
 122 S   0.11178 0.09830 0.60983 0.18009 ( 3)
 123 D   0.19955 0.16686 0.32789 0.30570 ( 3)
 124 S   0.09040 0.27288 0.13678 0.49994 ( 4)
 125 R   0.01164 0.34283 0.01743 0.62809 ( 4)
 126 S   0.30911 0.06357 0.51085 0.11646 ( 3)
 127 S   0.36998 0.01775 0.57975 0.03252 ( 3)
 128 R   0.00188 0.35136 0.00305 0.64372 ( 4)
 129 R   0.05149 0.23141 0.29314 0.42396 ( 4)
 130 Q   0.03352 0.32357 0.05011 0.59280 ( 4)
 131 Q   0.00168 0.34671 0.01641 0.63520 ( 4)
 132 Q   0.01786 0.33732 0.02681 0.61800 ( 4)
 133 D   0.00464 0.34189 0.02710 0.62637 ( 4)
 134 A   0.10102 0.25882 0.16598 0.47418 ( 4)
 135 P   0.01041 0.34333 0.01724 0.62901 ( 4)
 136 R   0.00106 0.34507 0.02169 0.63219 ( 4)
 137 G   0.39075 0.00470 0.59593 0.00861 ( 3)
 138 S   0.00509 0.34850 0.00793 0.63848 ( 4)
 139 S   0.06719 0.29102 0.10862 0.53317 ( 4)
 140 T   0.00279 0.34781 0.01218 0.63722 ( 4)
 141 S   0.21582 0.15095 0.35668 0.27655 ( 3)
 142 D   0.00073 0.35242 0.00120 0.64566 ( 4)
 143 R   0.00206 0.35127 0.00312 0.64355 ( 4)
 144 Q   0.26408 0.12670 0.37710 0.23212 ( 3)
 145 A   0.01162 0.34260 0.01812 0.62766 ( 4)
 146 Q   0.00417 0.34316 0.02396 0.62870 ( 4)
 147 R   0.38243 0.01212 0.58324 0.02221 ( 3)
 148 Q   0.29328 0.09453 0.43901 0.17318 ( 3)
 149 S   0.01810 0.33637 0.02927 0.61626 ( 4)
 150 S   0.00296 0.35032 0.00490 0.64182 ( 4)
 151 D   0.03524 0.32006 0.05832 0.58638 ( 4)
 152 S   0.20296 0.17073 0.31353 0.31278 ( 3)
 153 R   0.00218 0.35108 0.00354 0.64320 ( 4)
 154 R   0.00717 0.33667 0.03936 0.61680 ( 4)
 155 S   0.00212 0.35127 0.00307 0.64355 ( 4)
 156 S   0.00477 0.34885 0.00726 0.63911 ( 4)
 157 I   0.07388 0.18570 0.40022 0.34021 ( 3)
 158 Q   0.00107 0.34489 0.02218 0.63186 ( 4)
 159 G   0.38540 0.00143 0.61055 0.00261 ( 3)
 160 S   0.13377 0.21184 0.26630 0.38810 ( 4)
 161 S   0.18213 0.19105 0.27680 0.35002 ( 4)
 162 S   0.04726 0.30999 0.07482 0.56793 ( 4)
 163 R   0.12574 0.24125 0.19102 0.44199 ( 4)
 164 Q   0.00453 0.34901 0.00706 0.63941 ( 4)
 165 Q   0.01977 0.33493 0.03169 0.61361 ( 4)
 166 P   0.01841 0.31070 0.10166 0.56923 ( 4)
 167 E   0.24115 0.14315 0.35344 0.26226 ( 3)
 168 S   0.00535 0.34834 0.00813 0.63818 ( 4)
 169 S   0.01104 0.34335 0.01657 0.62904 ( 4)
 170 T   0.38054 0.01381 0.58035 0.02530 ( 3)
 171 G   0.07399 0.28380 0.12227 0.51994 ( 4)
 172 Q   0.23785 0.14730 0.34500 0.26986 ( 3)
 173 R   0.00213 0.35118 0.00330 0.64339 ( 4)
 174 Q   0.03769 0.31904 0.05877 0.58450 ( 4)
 175 S   0.11668 0.24381 0.19283 0.44667 ( 4)
 176 S   0.00428 0.34911 0.00702 0.63959 ( 4)
 177 G   0.02894 0.32696 0.04510 0.59901 ( 4)
 178 S   0.00648 0.34711 0.01048 0.63593 ( 4)
 179 R   0.07302 0.28647 0.11568 0.52483 ( 4)
 180 R   0.01513 0.33907 0.02461 0.62120 ( 4)
 181 R   0.05760 0.22225 0.31296 0.40718 ( 4)
 182 Q   0.01813 0.33672 0.02826 0.61689 ( 4)
 183 S   0.00090 0.35231 0.00134 0.64546 ( 4)
 184 R   0.13551 0.04830 0.72771 0.08848 ( 3)
 185 Q   0.00533 0.34839 0.00801 0.63827 ( 4)
 186 S   0.04188 0.31399 0.06889 0.57525 ( 4)
 187 G   0.00018 0.35267 0.00103 0.64612 ( 4)
 188 S   0.00017 0.35250 0.00153 0.64580 ( 4)
 189 G   0.14875 0.01065 0.82110 0.01950 ( 3)
 190 Q   0.09554 0.12329 0.55530 0.22587 ( 3)
 191 R   0.00183 0.35138 0.00303 0.64375 ( 4)
 192 E   0.31117 0.06917 0.49295 0.12672 ( 3)
 193 D   0.01255 0.34133 0.02077 0.62534 ( 4)
 194 S   0.07931 0.28239 0.12095 0.51736 ( 4)
 195 R   0.13964 0.22439 0.22486 0.41110 ( 4)
 196 S   0.22167 0.14547 0.36635 0.26651 ( 3)
 197 R   0.01241 0.34178 0.01965 0.62616 ( 4)
 198 D   0.00190 0.35132 0.00315 0.64364 ( 4)
 199 R   0.00357 0.34972 0.00601 0.64070 ( 4)
 200 A   0.00005 0.35305 0.00009 0.64681 ( 4)
 201 E   0.01399 0.34030 0.02225 0.62346 ( 4)
 202 S   0.00844 0.34547 0.01317 0.63292 ( 4)
 203 G   0.00180 0.35142 0.00295 0.64383 ( 4)
 204 R   0.00059 0.35257 0.00089 0.64594 ( 4)
 205 I   0.05569 0.30151 0.09040 0.55239 ( 4)
 206 Q   0.27874 0.10623 0.42040 0.19463 ( 3)
 207 E   0.15923 0.00629 0.82294 0.01153 ( 3)
 208 Q   0.01695 0.33778 0.02642 0.61884 ( 4)
 209 D   0.08057 0.15692 0.47503 0.28748 ( 3)
 210 S   0.28499 0.10137 0.42792 0.18571 ( 3)
 211 C   0.32864 0.04616 0.54063 0.08457 ( 3)
 212 S   0.00061 0.34843 0.01262 0.63835 ( 4)
 213 Q   0.39793 0.00071 0.60006 0.00130 ( 3)
 214 S   0.22594 0.15092 0.34665 0.27649 ( 3)
 215 G   0.00020 0.35156 0.00415 0.64408 ( 4)
 216 Y   0.00455 0.34220 0.02631 0.62694 ( 4)
 217 G   0.03570 0.08415 0.72597 0.15418 ( 3)
 218 R   0.01744 0.31358 0.09447 0.57451 ( 4)
 219 G   0.14656 0.01792 0.80270 0.03283 ( 3)
 220 R   0.37420 0.02106 0.56616 0.03858 ( 3)
 221 G   0.34708 0.04710 0.51954 0.08629 ( 3)
 222 E   0.26542 0.11645 0.40479 0.21334 ( 3)
 223 A   0.01524 0.33887 0.02504 0.62084 ( 4)
 224 G   0.02020 0.20545 0.39794 0.37640 ( 3)
 225 R   0.02926 0.32711 0.04435 0.59928 ( 4)
 226 R   0.09362 0.14412 0.49823 0.26403 ( 3)
 227 Q   0.34862 0.03796 0.54387 0.06955 ( 3)
 228 Q   0.02988 0.32625 0.04616 0.59771 ( 4)
 229 P   0.00597 0.30896 0.11903 0.56604 ( 4)
 230 D   0.40743 0.00056 0.59098 0.00103 ( 3)
 231 S   0.00423 0.34936 0.00636 0.64005 ( 4)
 232 S   0.12390 0.23746 0.20359 0.43505 ( 4)
 233 R   0.38873 0.00203 0.60552 0.00372 ( 3)
 234 Q   0.14858 0.01895 0.79776 0.03471 ( 3)
 235 S   0.20390 0.16208 0.33708 0.29694 ( 3)
 236 G   0.19919 0.17332 0.30996 0.31753 ( 4)
 237 S   0.23014 0.14903 0.34779 0.27304 ( 3)
 238 Q   0.15610 0.00532 0.82882 0.00975 ( 3)
 239 Q   0.38345 0.00658 0.59791 0.01206 ( 3)
 240 T   0.11184 0.25632 0.16223 0.46960 ( 4)
 241 R   0.05071 0.30638 0.08161 0.56131 ( 4)
 242 D   0.24775 0.12703 0.39248 0.23274 ( 3)
 243 A   0.11789 0.06745 0.69109 0.12357 ( 3)
 244 S   0.39807 0.00112 0.59877 0.00204 ( 3)
 245 S   0.27944 0.10514 0.42278 0.19263 ( 3)
 246 R   0.14148 0.03252 0.76642 0.05958 ( 3)
 247 G   0.17450 0.19751 0.26613 0.36185 ( 4)
 248 R   0.31153 0.07174 0.48531 0.13143 ( 3)
 249 D   0.32978 0.05509 0.51421 0.10092 ( 3)
 250 V   0.11500 0.24853 0.18114 0.45533 ( 4)
 251 P   0.03339 0.27245 0.19501 0.49915 ( 4)
 252 S   0.31086 0.07941 0.46425 0.14548 ( 3)
 253 R   0.14678 0.02180 0.79150 0.03993 ( 3)
 254 R   0.04833 0.00449 0.93896 0.00822 ( 3)
 255 Q   0.39984 0.00058 0.59852 0.00106 ( 3)
 256 Q   0.00275 0.34628 0.01655 0.63442 ( 4)
 257 Q   0.27969 0.09902 0.43987 0.18142 ( 3)
 258 D   0.40096 0.00366 0.58868 0.00670 ( 3)
 259 S   0.02752 0.15619 0.53013 0.28615 ( 3)
 260 S   0.21706 0.14961 0.35923 0.27410 ( 3)
 261 R   0.27258 0.10988 0.41623 0.20131 ( 3)
 262 Q   0.38037 0.01820 0.56808 0.03335 ( 3)
 263 S   0.05056 0.30574 0.08356 0.56014 ( 4)
 264 G   0.37626 0.00977 0.59608 0.01789 ( 3)
 265 S   0.36278 0.01452 0.59609 0.02661 ( 3)
 266 S   0.18529 0.18902 0.27941 0.34629 ( 4)
 267 Q   0.38667 0.01266 0.57747 0.02320 ( 3)
 268 R   0.00082 0.35237 0.00123 0.64557 ( 4)
 269 Q   0.32911 0.06334 0.49152 0.11604 ( 3)
 270 S   0.00025 0.35286 0.00041 0.64647 ( 4)
 271 D   0.15714 0.00359 0.83270 0.00657 ( 3)
 272 I   0.02749 0.32783 0.04406 0.60062 ( 4)
 273 S   0.14269 0.21993 0.23445 0.40293 ( 4)
 274 R   0.10169 0.11332 0.57740 0.20760 ( 3)
 275 G   0.38530 0.00152 0.61040 0.00278 ( 3)
 276 E   0.05391 0.30439 0.08405 0.55765 ( 4)
 277 S   0.36108 0.01489 0.59674 0.02729 ( 3)
 278 S   0.18139 0.19137 0.27663 0.35061 ( 4)
 279 R   0.00304 0.35026 0.00499 0.64171 ( 4)
 280 R   0.28837 0.09722 0.43630 0.17811 ( 3)
 281 Q   0.08468 0.27778 0.12863 0.50891 ( 4)
 282 Q   0.04913 0.30880 0.07634 0.56574 ( 4)
 283 Q   0.15112 0.21948 0.22731 0.40210 ( 4)
 284 D   0.36542 0.02885 0.55287 0.05286 ( 3)
 285 A   0.01154 0.27013 0.22344 0.49489 ( 4)


lnL = -8944.665087

