Supplemental results for CODEML (seqf: FLG_combined_14mam_reformatted_pep_aligned_codon.phy  treef: 14_species_great_ape.nwk)


dN/dS (w) for site classes (K=4)

site class             0        1       2a       2b
proportion       0.35171  0.44855  0.08779  0.11196
background w     0.28483  1.00000  0.28483  1.00000
foreground w     0.28483  1.00000  5.53459  5.53459

Naive Empirical Bayes (NEB) probabilities for 4 classes
(amino acids refer to 1st sequence: mondom)

   1 M   0.88052 0.00025 0.11919 0.00004 ( 1)
   2 S   0.76258 0.10204 0.11846 0.01692 ( 1)
   3 H   0.37321 0.49722 0.05310 0.07646 ( 2)
   4 L   0.85890 0.00647 0.13356 0.00107 ( 1)
   5 K   0.90840 0.01720 0.07278 0.00162 ( 1)
   6 L   0.85679 0.00491 0.13745 0.00084 ( 1)
   7 L   0.81154 0.04577 0.13466 0.00803 ( 1)
   8 E   0.90973 0.01589 0.07289 0.00149 ( 1)
   9 N   0.44258 0.45712 0.04631 0.05399 ( 2)
  10 E   0.91976 0.00595 0.07373 0.00056 ( 1)
  11 F   0.63122 0.22018 0.10871 0.03989 ( 1)
  12 R   0.27641 0.58704 0.04166 0.09488 ( 2)
  13 P   0.89395 0.01265 0.09193 0.00147 ( 1)
  14 I   0.70225 0.16891 0.10235 0.02650 ( 1)
  15 L   0.83686 0.02065 0.13886 0.00362 ( 1)
  16 K   0.90442 0.00084 0.09464 0.00010 ( 1)
  17 N   0.91256 0.00130 0.08600 0.00014 ( 1)
  18 P   0.88407 0.00558 0.10958 0.00076 ( 1)
  19 D   0.91607 0.00173 0.08202 0.00018 ( 1)
  20 D   0.92060 0.00072 0.07861 0.00007 ( 1)
  21 P   0.87583 0.01373 0.10856 0.00188 ( 1)
  22 D   0.91452 0.00326 0.08188 0.00034 ( 1)
  23 T   0.04542 0.52009 0.11606 0.31843 ( 2)
  24 V   0.36228 0.50398 0.05362 0.08013 ( 2)
  25 E   0.51235 0.36017 0.07323 0.05426 ( 1)
  26 H   0.91120 0.00019 0.08859 0.00002 ( 1)
  27 D   0.89092 0.02628 0.08008 0.00272 ( 1)
  28 K   0.71555 0.18743 0.07488 0.02214 ( 1)
  29 K   0.91957 0.00297 0.07717 0.00029 ( 1)
  30 V   0.84365 0.02515 0.12713 0.00406 ( 1)
  31 D   0.92069 0.00063 0.07862 0.00006 ( 1)
  32 I   0.85553 0.01971 0.12173 0.00303 ( 1)
  33 E   0.90786 0.00127 0.09072 0.00014 ( 1)
  34 F   0.79111 0.06150 0.13625 0.01114 ( 1)
  35 L   0.49808 0.36056 0.07991 0.06145 ( 1)
  36 L   0.82028 0.03710 0.13611 0.00651 ( 1)
  37 M   0.85923 0.02133 0.11631 0.00314 ( 1)
  38 I   0.84326 0.04711 0.10326 0.00636 ( 1)
  39 F   0.69364 0.16105 0.11671 0.02860 ( 1)
  40 Q   0.74299 0.16412 0.07425 0.01864 ( 1)
  41 S   0.19599 0.66355 0.03045 0.11001 ( 2)
  42 I   0.00204 0.86853 0.00028 0.12914 ( 2)
  43 G   0.81182 0.09337 0.08390 0.01091 ( 1)
  44 K   0.72764 0.19247 0.06106 0.01883 ( 1)
  45 E   0.03646 0.85908 0.00378 0.10068 ( 2)
  46 E   0.48171 0.43038 0.04330 0.04461 ( 1)
  47 E   0.87137 0.05056 0.07313 0.00495 ( 1)
  48 E   0.33343 0.58484 0.02671 0.05501 ( 2)
  49 T   0.02191 0.88200 0.00204 0.09405 ( 2)
  50 D   0.04787 0.84806 0.00495 0.09913 ( 2)
  51 S   0.00104 0.90972 0.00009 0.08916 ( 2)
  52 S   0.23353 0.66465 0.02413 0.07769 ( 2)
  53 N   0.00045 0.86377 0.00007 0.13571 ( 2)
  54 S   0.00206 0.85601 0.00032 0.14161 ( 2)
  55 S   0.33352 0.56479 0.03495 0.06674 ( 2)
  56 W   0.00030 0.85043 0.00005 0.14922 ( 2)
  57 S   0.01852 0.89573 0.00148 0.08426 ( 2)
  58 A   0.03922 0.85660 0.00405 0.10013 ( 2)
  59 G   0.71430 0.18970 0.07382 0.02217 ( 1)
  60 E   0.11640 0.79114 0.01046 0.08199 ( 2)
  61 E   0.11906 0.78499 0.01122 0.08472 ( 2)
  62 P   0.00399 0.89140 0.00041 0.10419 ( 2)
  63 R   0.02689 0.88436 0.00226 0.08650 ( 2)
  64 S   0.51583 0.35024 0.07750 0.05642 ( 1)
  65 K   0.90321 0.00204 0.09452 0.00024 ( 1)
  66 K   0.51038 0.39372 0.05114 0.04477 ( 1)
  67 I   0.09555 0.78534 0.01184 0.10727 ( 2)
  68 R   0.49943 0.40197 0.05161 0.04698 ( 1)
  69 H   0.05460 0.86011 0.00437 0.08091 ( 2)
  70 R   0.44461 0.44332 0.05333 0.05874 ( 1)
  71 S   0.01310 0.86428 0.00167 0.12095 ( 2)
  72 N   0.00141 0.87583 0.00018 0.12258 ( 2)
  73 S   0.25437 0.65976 0.02135 0.06453 ( 2)
  74 R   0.05093 0.83415 0.00599 0.10893 ( 2)
  75 G   0.03212 0.86509 0.00326 0.09952 ( 2)
  76 H   0.28158 0.63603 0.02256 0.05983 ( 2)
  77 G   0.00280 0.85500 0.00044 0.14176 ( 2)
  78 K   0.00005 0.89424 0.00001 0.10570 ( 2)
  79 L   0.00336 0.85444 0.00052 0.14168 ( 2)
  80 D   0.82762 0.09695 0.06631 0.00912 ( 1)
  81 S   0.00775 0.88438 0.00083 0.10704 ( 2)
  82 H   0.90617 0.00163 0.09201 0.00019 ( 1)
  83 S   0.02213 0.87496 0.00225 0.10067 ( 2)
  84 K   0.00031 0.64664 0.00054 0.35250 ( 2)
  85 R   0.00012 0.85821 0.00002 0.14165 ( 2)
  86 S   0.10711 0.78849 0.01122 0.09318 ( 2)
  87 E   0.00574 0.90523 0.00048 0.08855 ( 2)
  88 N   0.74061 0.17966 0.06215 0.01757 ( 1)
  89 M   0.06227 0.48853 0.12757 0.32163 ( 2)
  90 E   0.53020 0.38741 0.04449 0.03790 ( 1)
  91 S   0.04130 0.82583 0.00588 0.12700 ( 2)
  92 D   0.05240 0.84356 0.00542 0.09862 ( 2)
  93 L   0.03485 0.79746 0.00680 0.16089 ( 2)
  94 E   0.01334 0.62266 0.02209 0.34191 ( 2)
  95 K   0.15511 0.75654 0.01325 0.07510 ( 2)
  96 M   0.00208 0.90027 0.00020 0.09746 ( 2)
  97 R   0.54611 0.34375 0.06470 0.04544 ( 1)
  98 T   0.00001 0.26767 0.00021 0.73212 ( 4)
  99 Q   0.00533 0.11964 0.29563 0.57939 ( 4)
 100 G   0.28517 0.08202 0.57920 0.05362 ( 3)
 101 S   0.22188 0.64145 0.03334 0.10334 ( 2)
 102 S   0.79929 0.10459 0.08376 0.01236 ( 1)
 103 S   0.00004 0.52289 0.00012 0.47695 ( 2)
 104 R   0.23962 0.66119 0.02401 0.07519 ( 2)
 105 Q   0.13871 0.74678 0.01643 0.09808 ( 2)
 106 Q   0.01952 0.89046 0.00167 0.08835 ( 2)
 107 P   0.31429 0.58379 0.03293 0.06899 ( 2)
 108 E   0.02491 0.88465 0.00214 0.08830 ( 2)
 109 S   0.11896 0.77678 0.01247 0.09180 ( 2)
 110 S   0.00006 0.20635 0.00265 0.79094 ( 4)
 111 T   0.34774 0.54849 0.03739 0.06638 ( 2)
 112 H   0.90488 0.00643 0.08797 0.00071 ( 1)
 113 S   0.22833 0.63207 0.03528 0.10432 ( 2)
 114 S   0.87433 0.00720 0.11742 0.00105 ( 1)
 115 G   0.23869 0.63960 0.03100 0.09071 ( 2)
 116 S   0.28682 0.61691 0.02789 0.06838 ( 2)
 117 G   0.88575 0.00119 0.11290 0.00017 ( 1)
 118 Q   0.82988 0.08051 0.08068 0.00892 ( 1)
 119 R   0.01536 0.84256 0.00239 0.13969 ( 2)
 120 E   0.05739 0.83064 0.00653 0.10544 ( 2)
 121 S   0.78976 0.12992 0.06744 0.01289 ( 1)
 122 S   0.21792 0.18869 0.46490 0.12849 ( 3)
 123 D   0.47861 0.38711 0.07191 0.06236 ( 1)
 124 S   0.22856 0.66955 0.02362 0.07827 ( 2)
 125 R   0.03039 0.86902 0.00300 0.09759 ( 2)
 126 S   0.72025 0.14461 0.11127 0.02387 ( 1)
 127 S   0.85021 0.04115 0.10312 0.00552 ( 1)
 128 R   0.00495 0.86181 0.00070 0.13254 ( 2)
 129 R   0.08690 0.38105 0.22523 0.30682 ( 2)
 130 Q   0.08710 0.81375 0.00851 0.09064 ( 2)
 131 Q   0.00210 0.41622 0.02435 0.55732 ( 4)
 132 Q   0.04638 0.85212 0.00464 0.09686 ( 2)
 133 D   0.00750 0.51268 0.02193 0.45788 ( 2)
 134 A   0.24953 0.61405 0.03749 0.09893 ( 2)
 135 P   0.02663 0.83139 0.00414 0.13784 ( 2)
 136 R   0.00056 0.16927 0.03038 0.79979 ( 4)
 137 G   0.89165 0.01112 0.09588 0.00135 ( 1)
 138 S   0.01351 0.87056 0.00160 0.11434 ( 2)
 139 S   0.16899 0.70116 0.02363 0.10622 ( 2)
 140 T   0.00561 0.63057 0.00844 0.35538 ( 2)
 141 S   0.51415 0.34884 0.07943 0.05758 ( 1)
 142 D   0.00192 0.85934 0.00029 0.13844 ( 2)
 143 R   0.00559 0.89016 0.00057 0.10369 ( 2)
 144 Q   0.61905 0.30285 0.04960 0.02849 ( 1)
 145 A   0.03049 0.85377 0.00361 0.11213 ( 2)
 146 Q   0.00699 0.53630 0.01881 0.43789 ( 2)
 147 R   0.87414 0.02842 0.09400 0.00344 ( 1)
 148 Q   0.68425 0.22321 0.06748 0.02506 ( 1)
 149 S   0.04662 0.82228 0.00652 0.12458 ( 2)
 150 S   0.00780 0.85060 0.00121 0.14039 ( 2)
 151 D   0.08948 0.76911 0.01390 0.12752 ( 2)
 152 S   0.48687 0.40618 0.05539 0.05156 ( 1)
 153 R   0.00578 0.86081 0.00083 0.13258 ( 2)
 154 R   0.01267 0.56314 0.02783 0.39636 ( 2)
 155 S   0.00565 0.90415 0.00048 0.08972 ( 2)
 156 S   0.01273 0.88083 0.00134 0.10509 ( 2)
 157 I   0.13923 0.34328 0.28892 0.22857 ( 2)
 158 Q   0.00055 0.16232 0.03132 0.80581 ( 4)
 159 G   0.88350 0.00341 0.11261 0.00048 ( 1)
 160 S   0.32047 0.48742 0.09444 0.09767 ( 2)
 161 S   0.44201 0.45742 0.04641 0.05416 ( 2)
 162 S   0.12162 0.75723 0.01545 0.10570 ( 2)
 163 R   0.31140 0.58664 0.03263 0.06933 ( 2)
 164 Q   0.01205 0.87200 0.00143 0.11452 ( 2)
 165 Q   0.05120 0.82156 0.00688 0.12036 ( 2)
 166 P   0.03263 0.52161 0.07352 0.37224 ( 2)
 167 E   0.56611 0.33738 0.05717 0.03934 ( 1)
 168 S   0.01453 0.87995 0.00152 0.10399 ( 2)
 169 S   0.02907 0.86930 0.00291 0.09872 ( 2)
 170 T   0.87014 0.03237 0.09357 0.00392 ( 1)
 171 G   0.18409 0.67591 0.02844 0.11156 ( 2)
 172 Q   0.56708 0.34979 0.04842 0.03471 ( 1)
 173 R   0.00565 0.87981 0.00066 0.11388 ( 2)
 174 Q   0.09639 0.78862 0.01142 0.10357 ( 2)
 175 S   0.28657 0.57436 0.04427 0.09480 ( 2)
 176 S   0.01120 0.85150 0.00166 0.13565 ( 2)
 177 G   0.07396 0.80277 0.00945 0.11381 ( 2)
 178 S   0.01682 0.85178 0.00235 0.12904 ( 2)
 179 R   0.18369 0.69555 0.02341 0.09734 ( 2)
 180 R   0.03864 0.82741 0.00556 0.12840 ( 2)
 181 R   0.10605 0.40194 0.22213 0.26987 ( 2)
 182 Q   0.04702 0.83741 0.00557 0.11000 ( 2)
 183 S   0.00243 0.89782 0.00024 0.09952 ( 2)
 184 R   0.27915 0.10009 0.55640 0.06436 ( 3)
 185 Q   0.01424 0.88396 0.00142 0.10038 ( 2)
 186 S   0.10656 0.75517 0.01609 0.12218 ( 2)
 187 G   0.00033 0.57307 0.00077 0.42583 ( 2)
 188 S   0.00022 0.43567 0.00230 0.56181 ( 4)
 189 G   0.29591 0.02141 0.66738 0.01530 ( 3)
 190 Q   0.16054 0.20318 0.45838 0.17790 ( 3)
 191 R   0.00480 0.85357 0.00074 0.14088 ( 2)
 192 E   0.72504 0.16013 0.09241 0.02241 ( 1)
 193 D   0.03252 0.82556 0.00505 0.13688 ( 2)
 194 S   0.19961 0.69484 0.02146 0.08409 ( 2)
 195 R   0.34050 0.53331 0.04671 0.07948 ( 2)
 196 S   0.52781 0.33530 0.08154 0.05534 ( 1)
 197 R   0.03258 0.84501 0.00415 0.11826 ( 2)
 198 D   0.00495 0.85287 0.00077 0.14140 ( 2)
 199 R   0.00922 0.84005 0.00155 0.14918 ( 2)
 200 A   0.00015 0.85743 0.00002 0.14240 ( 2)
 201 E   0.03687 0.83973 0.00476 0.11865 ( 2)
 202 S   0.02224 0.86168 0.00264 0.11343 ( 2)
 203 G   0.00479 0.85784 0.00071 0.13666 ( 2)
 204 R   0.00161 0.89629 0.00016 0.10194 ( 2)
 205 I   0.14115 0.72697 0.02008 0.11180 ( 2)
 206 Q   0.65502 0.24951 0.06669 0.02879 ( 1)
 207 E   0.36401 0.01502 0.61261 0.00836 ( 3)
 208 Q   0.04424 0.84018 0.00524 0.11034 ( 2)
 209 D   0.13116 0.24410 0.39916 0.22558 ( 3)
 210 S   0.66827 0.23793 0.06678 0.02702 ( 1)
 211 C   0.76231 0.10544 0.11518 0.01707 ( 1)
 212 S   0.00031 0.16576 0.01781 0.81611 ( 4)
 213 Q   0.90609 0.00171 0.09200 0.00020 ( 1)
 214 S   0.54068 0.35555 0.05973 0.04403 ( 1)
 215 G   0.00011 0.16955 0.00600 0.82434 ( 4)
 216 Y   0.00739 0.52338 0.02057 0.44866 ( 2)
 217 G   0.01536 0.03497 0.79065 0.15902 ( 3)
 218 R   0.03123 0.54268 0.06479 0.36129 ( 2)
 219 G   0.29469 0.03636 0.64365 0.02530 ( 3)
 220 R   0.85628 0.04945 0.08849 0.00578 ( 1)
 221 G   0.79907 0.10979 0.07881 0.01233 ( 1)
 222 E   0.62648 0.27311 0.06737 0.03305 ( 1)
 223 A   0.03920 0.82241 0.00589 0.13249 ( 2)
 224 G   0.01059 0.10333 0.47436 0.41172 ( 3)
 225 R   0.07566 0.81041 0.00870 0.10523 ( 2)
 226 R   0.18636 0.28270 0.35584 0.17510 ( 3)
 227 Q   0.80477 0.08808 0.09555 0.01159 ( 1)
 228 Q   0.07670 0.81156 0.00873 0.10302 ( 2)
 229 P   0.00330 0.16255 0.15626 0.67790 ( 4)
 230 D   0.91994 0.00137 0.07856 0.00014 ( 1)
 231 S   0.01135 0.88668 0.00114 0.10083 ( 2)
 232 S   0.30160 0.56247 0.04532 0.09062 ( 2)
 233 R   0.88983 0.00484 0.10471 0.00063 ( 1)
 234 Q   0.31268 0.04046 0.62095 0.02591 ( 3)
 235 S   0.48790 0.37470 0.07548 0.06192 ( 1)
 236 G   0.47561 0.41436 0.05593 0.05411 ( 1)
 237 S   0.55131 0.35115 0.05671 0.04083 ( 1)
 238 Q   0.33945 0.01204 0.64111 0.00739 ( 3)
 239 Q   0.87845 0.01548 0.10404 0.00203 ( 1)
 240 T   0.27565 0.63755 0.02354 0.06326 ( 2)
 241 R   0.12731 0.74456 0.01742 0.11071 ( 2)
 242 D   0.58973 0.29397 0.07517 0.04114 ( 1)
 243 A   0.19924 0.11034 0.59071 0.09971 ( 3)
 244 S   0.90624 0.00266 0.09080 0.00030 ( 1)
 245 S   0.65564 0.24765 0.06776 0.02895 ( 1)
 246 R   0.28904 0.06675 0.59977 0.04444 ( 3)
 247 G   0.42317 0.47397 0.04550 0.05736 ( 2)
 248 R   0.72030 0.16597 0.09057 0.02316 ( 1)
 249 D   0.76519 0.12744 0.09063 0.01674 ( 1)
 250 V   0.28293 0.59955 0.03522 0.08229 ( 2)
 251 P   0.05396 0.41740 0.15717 0.37148 ( 2)
 252 S   0.72136 0.18770 0.07013 0.02081 ( 1)
 253 R   0.30580 0.04566 0.61882 0.02972 ( 3)
 254 R   0.02315 0.00216 0.96649 0.00820 ( 3)
 255 Q   0.90881 0.00141 0.08963 0.00016 ( 1)
 256 Q   0.00420 0.49051 0.01402 0.49128 ( 4)
 257 Q   0.65851 0.22982 0.08064 0.03104 ( 1)
 258 D   0.90649 0.00872 0.08386 0.00093 ( 1)
 259 S   0.01501 0.08231 0.60362 0.29906 ( 3)
 260 S   0.51701 0.34540 0.08032 0.05727 ( 1)
 261 R   0.64102 0.25821 0.06934 0.03143 ( 1)
 262 Q   0.86845 0.04241 0.08443 0.00470 ( 1)
 263 S   0.12770 0.73179 0.01973 0.12078 ( 2)
 264 G   0.86385 0.02285 0.11011 0.00320 ( 1)
 265 S   0.83569 0.03337 0.12556 0.00538 ( 1)
 266 S   0.45071 0.45157 0.04576 0.05195 ( 2)
 267 Q   0.88128 0.02974 0.08568 0.00330 ( 1)
 268 R   0.00220 0.89571 0.00022 0.10187 ( 2)
 269 Q   0.76058 0.14896 0.07395 0.01651 ( 1)
 270 S   0.00068 0.87184 0.00009 0.12738 ( 2)
 271 D   0.34336 0.00821 0.64342 0.00501 ( 3)
 272 I   0.07114 0.80195 0.00955 0.11736 ( 2)
 273 S   0.34518 0.51929 0.05186 0.08366 ( 2)
 274 R   0.18132 0.19702 0.46460 0.15707 ( 3)
 275 G   0.88329 0.00361 0.11259 0.00051 ( 1)
 276 E   0.13706 0.74839 0.01623 0.09831 ( 2)
 277 S   0.83175 0.03412 0.12850 0.00563 ( 1)
 278 S   0.43926 0.45807 0.04723 0.05543 ( 2)
 279 R   0.00798 0.85334 0.00120 0.13748 ( 2)
 280 R   0.67560 0.22794 0.06982 0.02664 ( 1)
 281 Q   0.21519 0.68170 0.02255 0.08056 ( 2)
 282 Q   0.12540 0.76091 0.01468 0.09901 ( 2)
 283 Q   0.36992 0.53246 0.03706 0.06055 ( 2)
 284 D   0.83886 0.06666 0.08669 0.00779 ( 1)
 285 A   0.00665 0.15113 0.27453 0.56769 ( 4)


lnL = -8940.835779

Bayes Empirical Bayes (BEB) probabilities for 4 classes (class)
(amino acids refer to 1st sequence: mondom)

   1 M   0.85778 0.00021 0.14197 0.00004 ( 1)
   2 S   0.72566 0.11654 0.13454 0.02326 ( 1)
   3 H   0.29467 0.55185 0.05034 0.10313 ( 2)
   4 L   0.83711 0.00613 0.15554 0.00122 ( 1)
   5 K   0.88438 0.01687 0.09656 0.00219 ( 1)
   6 L   0.83535 0.00438 0.15938 0.00089 ( 1)
   7 L   0.78603 0.04939 0.15426 0.01032 ( 1)
   8 E   0.88624 0.01504 0.09677 0.00195 ( 1)
   9 N   0.35818 0.51576 0.04757 0.07848 ( 2)
  10 E   0.89606 0.00534 0.09790 0.00069 ( 1)
  11 F   0.57623 0.25305 0.11648 0.05424 ( 1)
  12 R   0.22004 0.62002 0.03944 0.12050 ( 2)
  13 P   0.87047 0.01228 0.11539 0.00186 ( 1)
  14 I   0.64614 0.20196 0.11336 0.03853 ( 1)
  15 L   0.81520 0.02048 0.16004 0.00428 ( 1)
  16 K   0.88079 0.00069 0.11841 0.00011 ( 1)
  17 N   0.88867 0.00113 0.11005 0.00016 ( 1)
  18 P   0.86142 0.00507 0.13265 0.00087 ( 1)
  19 D   0.89214 0.00149 0.10616 0.00021 ( 1)
  20 D   0.89649 0.00057 0.10285 0.00008 ( 1)
  21 P   0.85288 0.01350 0.13132 0.00231 ( 1)
  22 D   0.89079 0.00282 0.10600 0.00039 ( 1)
  23 T   0.03297 0.54037 0.08927 0.33739 ( 2)
  24 V   0.28709 0.55557 0.05070 0.10663 ( 2)
  25 E   0.43287 0.41589 0.07468 0.07656 ( 1)
  26 H   0.88726 0.00014 0.11258 0.00002 ( 1)
  27 D   0.86758 0.02539 0.10350 0.00353 ( 1)
  28 K   0.65545 0.22276 0.08769 0.03409 ( 1)
  29 K   0.89566 0.00261 0.10137 0.00035 ( 1)
  30 V   0.81894 0.02752 0.14816 0.00538 ( 1)
  31 D   0.89657 0.00050 0.10286 0.00007 ( 1)
  32 I   0.83267 0.01997 0.14361 0.00375 ( 1)
  33 E   0.88418 0.00105 0.11461 0.00016 ( 1)
  34 F   0.76367 0.06720 0.15471 0.01442 ( 1)
  35 L   0.44085 0.39508 0.08369 0.08038 ( 1)
  36 L   0.79603 0.03948 0.15624 0.00825 ( 1)
  37 M   0.83418 0.02353 0.13802 0.00427 ( 1)
  38 I   0.81223 0.05474 0.12373 0.00930 ( 1)
  39 F   0.64559 0.18696 0.12801 0.03944 ( 1)
  40 Q   0.68945 0.19288 0.08899 0.02868 ( 1)
  41 S   0.14478 0.69157 0.02655 0.13710 ( 2)
  42 I   0.00155 0.84529 0.00025 0.15291 ( 2)
  43 G   0.77528 0.10568 0.10296 0.01607 ( 1)
  44 K   0.67565 0.21912 0.07604 0.02918 ( 1)
  45 E   0.02499 0.84492 0.00323 0.12686 ( 2)
  46 E   0.40516 0.48068 0.04777 0.06639 ( 2)
  47 E   0.83982 0.05757 0.09492 0.00769 ( 1)
  48 E   0.24928 0.64175 0.02669 0.08227 ( 2)
  49 T   0.01510 0.86261 0.00179 0.12050 ( 2)
  50 D   0.03251 0.83775 0.00420 0.12555 ( 2)
  51 S   0.00084 0.88329 0.00009 0.11578 ( 2)
  52 S   0.16857 0.70361 0.02202 0.10581 ( 2)
  53 N   0.00037 0.84056 0.00006 0.15901 ( 2)
  54 S   0.00154 0.83364 0.00028 0.16454 ( 2)
  55 S   0.25365 0.61873 0.03362 0.09400 ( 2)
  56 W   0.00025 0.82807 0.00005 0.17162 ( 2)
  57 S   0.01283 0.87453 0.00135 0.11129 ( 2)
  58 A   0.02671 0.84346 0.00345 0.12638 ( 2)
  59 G   0.65242 0.22675 0.08640 0.03443 ( 1)
  60 E   0.07756 0.80334 0.00900 0.11010 ( 2)
  61 E   0.08093 0.79675 0.00976 0.11256 ( 2)
  62 P   0.00294 0.86691 0.00038 0.12977 ( 2)
  63 R   0.01866 0.86588 0.00204 0.11343 ( 2)
  64 S   0.44269 0.40010 0.07944 0.07778 ( 1)
  65 K   0.87976 0.00171 0.11827 0.00026 ( 1)
  66 K   0.40633 0.47165 0.05217 0.06985 ( 2)
  67 I   0.06717 0.78908 0.01013 0.13361 ( 2)
  68 R   0.43560 0.44043 0.05742 0.06656 ( 2)
  69 H   0.03773 0.85001 0.00399 0.10827 ( 2)
  70 R   0.36503 0.49798 0.05419 0.08280 ( 2)
  71 S   0.00922 0.84390 0.00141 0.14547 ( 2)
  72 N   0.00112 0.85190 0.00017 0.14681 ( 2)
  73 S   0.19116 0.69601 0.02119 0.09164 ( 2)
  74 R   0.03591 0.82431 0.00518 0.13461 ( 2)
  75 G   0.02228 0.84921 0.00283 0.12568 ( 2)
  76 H   0.20880 0.68159 0.02233 0.08727 ( 2)
  77 G   0.00206 0.83289 0.00037 0.16468 ( 2)
  78 K   0.00005 0.86879 0.00001 0.13115 ( 2)
  79 L   0.00247 0.83247 0.00044 0.16462 ( 2)
  80 D   0.78874 0.11095 0.08590 0.01440 ( 1)
  81 S   0.00550 0.86131 0.00073 0.13246 ( 2)
  82 H   0.88254 0.00139 0.11586 0.00021 ( 1)
  83 S   0.01531 0.85608 0.00194 0.12668 ( 2)
  84 K   0.00026 0.64111 0.00043 0.35820 ( 2)
  85 R   0.00011 0.83532 0.00002 0.16455 ( 2)
  86 S   0.07511 0.79477 0.00988 0.12024 ( 2)
  87 E   0.00410 0.88022 0.00044 0.11524 ( 2)
  88 N   0.68546 0.20947 0.07716 0.02791 ( 1)
  89 M   0.04430 0.51786 0.09510 0.34273 ( 2)
  90 E   0.44948 0.44171 0.05027 0.05854 ( 1)
  91 S   0.02851 0.81505 0.00481 0.15163 ( 2)
  92 D   0.03646 0.83383 0.00473 0.12498 ( 2)
  93 L   0.02460 0.78628 0.00547 0.18364 ( 2)
  94 E   0.00937 0.62445 0.01562 0.35056 ( 2)
  95 K   0.11252 0.77230 0.01260 0.10258 ( 2)
  96 M   0.00158 0.87473 0.00019 0.12351 ( 2)
  97 R   0.47656 0.38863 0.07021 0.06460 ( 1)
  98 T   0.00001 0.27568 0.00019 0.72412 ( 4)
  99 Q   0.00398 0.13697 0.23380 0.62525 ( 4)
 100 G   0.26858 0.09514 0.57642 0.05986 ( 3)
 101 S   0.16531 0.67456 0.02948 0.13065 ( 2)
 102 S   0.75839 0.12121 0.10181 0.01859 ( 1)
 103 S   0.00004 0.52128 0.00011 0.47857 ( 2)
 104 R   0.17011 0.70446 0.02167 0.10377 ( 2)
 105 Q   0.09923 0.76126 0.01445 0.12506 ( 2)
 106 Q   0.01349 0.86987 0.00149 0.11515 ( 2)
 107 P   0.23600 0.63613 0.03126 0.09661 ( 2)
 108 E   0.01708 0.86588 0.00189 0.11515 ( 2)
 109 S   0.08141 0.78855 0.01069 0.11934 ( 2)
 110 S   0.00006 0.21551 0.00199 0.78245 ( 4)
 111 T   0.26748 0.60299 0.03621 0.09332 ( 2)
 112 H   0.88111 0.00620 0.11178 0.00091 ( 1)
 113 S   0.17020 0.66692 0.03109 0.13179 ( 2)
 114 S   0.85196 0.00673 0.14009 0.00121 ( 1)
 115 G   0.17305 0.68065 0.02728 0.11902 ( 2)
 116 S   0.20524 0.67202 0.02555 0.09719 ( 2)
 117 G   0.86292 0.00097 0.13595 0.00017 ( 1)
 118 Q   0.79057 0.09538 0.10009 0.01396 ( 1)
 119 R   0.01079 0.82424 0.00196 0.16301 ( 2)
 120 E   0.03966 0.82326 0.00556 0.13152 ( 2)
 121 S   0.73954 0.15505 0.08451 0.02091 ( 1)
 122 S   0.18882 0.23013 0.42818 0.15287 ( 3)
 123 D   0.40234 0.44002 0.07215 0.08550 ( 2)
 124 S   0.16567 0.70646 0.02164 0.10624 ( 2)
 125 R   0.02127 0.85226 0.00265 0.12383 ( 2)
 126 S   0.67610 0.16618 0.12468 0.03303 ( 1)
 127 S   0.82407 0.04392 0.12459 0.00742 ( 1)
 128 R   0.00358 0.83970 0.00060 0.15612 ( 2)
 129 R   0.06870 0.41122 0.19044 0.32964 ( 2)
 130 Q   0.05903 0.81572 0.00731 0.11794 ( 2)
 131 Q   0.00154 0.42179 0.01721 0.55946 ( 4)
 132 Q   0.03171 0.84094 0.00399 0.12337 ( 2)
 133 D   0.00537 0.51555 0.01572 0.46336 ( 2)
 134 A   0.18746 0.65264 0.03345 0.12645 ( 2)
 135 P   0.01868 0.81643 0.00339 0.16150 ( 2)
 136 R   0.00043 0.17847 0.02177 0.79932 ( 4)
 137 G   0.86846 0.01062 0.11926 0.00166 ( 1)
 138 S   0.00948 0.84986 0.00136 0.13930 ( 2)
 139 S   0.12082 0.72537 0.02022 0.13358 ( 2)
 140 T   0.00402 0.62553 0.00607 0.36438 ( 2)
 141 S   0.44060 0.39927 0.08096 0.07917 ( 1)
 142 D   0.00143 0.83675 0.00025 0.16157 ( 2)
 143 R   0.00408 0.86609 0.00052 0.12931 ( 2)
 144 Q   0.54353 0.35220 0.05879 0.04548 ( 1)
 145 A   0.02093 0.83855 0.00302 0.13750 ( 2)
 146 Q   0.00500 0.53892 0.01332 0.44276 ( 2)
 147 R   0.84912 0.02968 0.11656 0.00463 ( 1)
 148 Q   0.61471 0.26752 0.07837 0.03940 ( 1)
 149 S   0.03260 0.81260 0.00542 0.14938 ( 2)
 150 S   0.00558 0.82990 0.00100 0.16351 ( 2)
 151 D   0.06261 0.77293 0.01143 0.15304 ( 2)
 152 S   0.40405 0.46381 0.05749 0.07465 ( 2)
 153 R   0.00417 0.83898 0.00070 0.15615 ( 2)
 154 R   0.00903 0.56768 0.02019 0.40311 ( 2)
 155 S   0.00404 0.87918 0.00045 0.11633 ( 2)
 156 S   0.00888 0.85925 0.00116 0.13070 ( 2)
 157 I   0.10894 0.39132 0.24101 0.25873 ( 2)
 158 Q   0.00042 0.17140 0.02217 0.80601 ( 4)
 159 G   0.86090 0.00296 0.13563 0.00051 ( 1)
 160 S   0.25082 0.53934 0.08488 0.12496 ( 2)
 161 S   0.35469 0.51895 0.04724 0.07912 ( 2)
 162 S   0.08413 0.77017 0.01296 0.13274 ( 2)
 163 R   0.23326 0.63883 0.03089 0.09702 ( 2)
 164 Q   0.00848 0.85085 0.00122 0.13946 ( 2)
 165 Q   0.03523 0.81354 0.00566 0.14557 ( 2)
 166 P   0.02264 0.53860 0.05223 0.38654 ( 2)
 167 E   0.48047 0.39758 0.06191 0.06004 ( 1)
 168 S   0.01024 0.85876 0.00133 0.12968 ( 2)
 169 S   0.01996 0.85260 0.00250 0.12493 ( 2)
 170 T   0.84484 0.03390 0.11596 0.00529 ( 1)
 171 G   0.13574 0.70103 0.02477 0.13846 ( 2)
 172 Q   0.46480 0.42547 0.05270 0.05704 ( 1)
 173 R   0.00407 0.85657 0.00058 0.13878 ( 2)
 174 Q   0.06680 0.79327 0.00970 0.13023 ( 2)
 175 S   0.21952 0.61809 0.04016 0.12222 ( 2)
 176 S   0.00792 0.83159 0.00138 0.15912 ( 2)
 177 G   0.05120 0.80103 0.00791 0.13986 ( 2)
 178 S   0.01180 0.83318 0.00196 0.15307 ( 2)
 179 R   0.13440 0.72026 0.02084 0.12450 ( 2)
 180 R   0.02721 0.81535 0.00464 0.15280 ( 2)
 181 R   0.07923 0.44611 0.17596 0.29871 ( 2)
 182 Q   0.03251 0.82710 0.00470 0.13568 ( 2)
 183 S   0.00184 0.87251 0.00022 0.12542 ( 2)
 184 R   0.25840 0.12189 0.54415 0.07556 ( 3)
 185 Q   0.00996 0.86247 0.00124 0.12633 ( 2)
 186 S   0.07485 0.76359 0.01335 0.14821 ( 2)
 187 G   0.00028 0.57099 0.00060 0.42812 ( 2)
 188 S   0.00020 0.43784 0.00174 0.56023 ( 4)
 189 G   0.28475 0.02303 0.67647 0.01575 ( 3)
 190 Q   0.13753 0.23688 0.42148 0.20411 ( 3)
 191 R   0.00348 0.83199 0.00063 0.16391 ( 2)
 192 E   0.67727 0.18425 0.10637 0.03212 ( 1)
 193 D   0.02253 0.81262 0.00409 0.16076 ( 2)
 194 S   0.14511 0.72363 0.01956 0.11170 ( 2)
 195 R   0.26720 0.58247 0.04424 0.10609 ( 2)
 196 S   0.45546 0.38456 0.08371 0.07626 ( 1)
 197 R   0.02254 0.83075 0.00346 0.14325 ( 2)
 198 D   0.00358 0.83138 0.00065 0.16439 ( 2)
 199 R   0.00657 0.82038 0.00128 0.17178 ( 2)
 200 A   0.00014 0.83461 0.00002 0.16523 ( 2)
 201 E   0.02521 0.82716 0.00391 0.14372 ( 2)
 202 S   0.01539 0.84380 0.00222 0.13859 ( 2)
 203 G   0.00347 0.83599 0.00060 0.15994 ( 2)
 204 R   0.00123 0.87096 0.00015 0.12766 ( 2)
 205 I   0.10008 0.74426 0.01699 0.13867 ( 2)
 206 Q   0.57582 0.30338 0.07523 0.04557 ( 1)
 207 E   0.35338 0.01600 0.62215 0.00847 ( 3)
 208 Q   0.03018 0.82942 0.00436 0.13604 ( 2)
 209 D   0.10669 0.28469 0.34828 0.26034 ( 3)
 210 S   0.60173 0.27930 0.07750 0.04146 ( 1)
 211 C   0.72475 0.12043 0.13125 0.02357 ( 1)
 212 S   0.00025 0.17425 0.01268 0.81282 ( 4)
 213 Q   0.88240 0.00153 0.11584 0.00023 ( 1)
 214 S   0.45692 0.41406 0.06355 0.06547 ( 1)
 215 G   0.00009 0.17753 0.00439 0.81799 ( 4)
 216 Y   0.00531 0.52558 0.01497 0.45415 ( 2)
 217 G   0.01327 0.04357 0.75850 0.18466 ( 3)
 218 R   0.02220 0.55631 0.04780 0.37369 ( 2)
 219 G   0.28211 0.04081 0.64986 0.02722 ( 3)
 220 R   0.82886 0.05289 0.11020 0.00805 ( 1)
 221 G   0.75177 0.13250 0.09616 0.01956 ( 1)
 222 E   0.55340 0.32114 0.07548 0.04997 ( 1)
 223 A   0.02749 0.81096 0.00486 0.15669 ( 2)
 224 G   0.00815 0.12609 0.39386 0.47190 ( 4)
 225 R   0.05152 0.80946 0.00727 0.13176 ( 2)
 226 R   0.15008 0.33816 0.30507 0.20670 ( 2)
 227 Q   0.76453 0.10459 0.11348 0.01741 ( 1)
 228 Q   0.05288 0.81022 0.00742 0.12949 ( 2)
 229 P   0.00241 0.17811 0.11657 0.70291 ( 4)
 230 D   0.89588 0.00117 0.10278 0.00016 ( 1)
 231 S   0.00804 0.86424 0.00101 0.12671 ( 2)
 232 S   0.23826 0.60238 0.04259 0.11678 ( 2)
 233 R   0.86701 0.00428 0.12800 0.00071 ( 1)
 234 Q   0.29795 0.05015 0.62120 0.03070 ( 3)
 235 S   0.41411 0.42535 0.07615 0.08439 ( 2)
 236 G   0.41531 0.44995 0.06075 0.07399 ( 2)
 237 S   0.45580 0.42090 0.05985 0.06345 ( 1)
 238 Q   0.32949 0.01241 0.65087 0.00723 ( 3)
 239 Q   0.85465 0.01589 0.12682 0.00264 ( 1)
 240 T   0.21115 0.67520 0.02376 0.08989 ( 2)
 241 R   0.09170 0.75617 0.01506 0.13707 ( 2)
 242 D   0.51147 0.34794 0.08007 0.06053 ( 1)
 243 A   0.17987 0.13216 0.57132 0.11665 ( 3)
 244 S   0.88256 0.00242 0.11465 0.00036 ( 1)
 245 S   0.59444 0.28388 0.07863 0.04305 ( 1)
 246 R   0.27310 0.07852 0.59814 0.05023 ( 3)
 247 G   0.33822 0.53325 0.04588 0.08264 ( 2)
 248 R   0.67705 0.18556 0.10508 0.03231 ( 1)
 249 D   0.71413 0.15452 0.10568 0.02567 ( 1)
 250 V   0.21310 0.64453 0.03248 0.10989 ( 2)
 251 P   0.03914 0.44472 0.12006 0.39608 ( 2)
 252 S   0.66603 0.21806 0.08408 0.03183 ( 1)
 253 R   0.29190 0.05380 0.62080 0.03349 ( 3)
 254 R   0.02092 0.00231 0.96866 0.00811 ( 3)
 255 Q   0.88508 0.00120 0.11355 0.00018 ( 1)
 256 Q   0.00305 0.49116 0.01018 0.49560 ( 4)
 257 Q   0.59288 0.27124 0.08995 0.04593 ( 1)
 258 D   0.88267 0.00850 0.10761 0.00121 ( 1)
 259 S   0.01188 0.10696 0.51818 0.36298 ( 3)
 260 S   0.44392 0.39543 0.08196 0.07869 ( 1)
 261 R   0.57864 0.29577 0.07935 0.04624 ( 1)
 262 Q   0.83703 0.04961 0.10609 0.00727 ( 1)
 263 S   0.09177 0.74457 0.01671 0.14695 ( 2)
 264 G   0.84080 0.02281 0.13242 0.00398 ( 1)
 265 S   0.81145 0.03525 0.14643 0.00687 ( 1)
 266 S   0.35780 0.51846 0.04638 0.07736 ( 2)
 267 Q   0.85579 0.03114 0.10851 0.00455 ( 1)
 268 R   0.00164 0.87055 0.00020 0.12760 ( 2)
 269 Q   0.70869 0.17604 0.08956 0.02572 ( 1)
 270 S   0.00055 0.84804 0.00009 0.15132 ( 2)
 271 D   0.33346 0.00842 0.65324 0.00487 ( 3)
 272 I   0.04996 0.79908 0.00805 0.14290 ( 2)
 273 S   0.27919 0.56188 0.04995 0.10898 ( 2)
 274 R   0.15598 0.23404 0.42709 0.18289 ( 3)
 275 G   0.86070 0.00316 0.13559 0.00055 ( 1)
 276 E   0.09584 0.76459 0.01394 0.12563 ( 2)
 277 S   0.80775 0.03588 0.14923 0.00713 ( 1)
 278 S   0.35809 0.51367 0.04861 0.07963 ( 2)
 279 R   0.00571 0.83252 0.00100 0.16078 ( 2)
 280 R   0.60634 0.27215 0.08021 0.04129 ( 1)
 281 Q   0.15029 0.72063 0.01982 0.10926 ( 2)
 282 Q   0.08729 0.77389 0.01257 0.12625 ( 2)
 283 Q   0.28808 0.58819 0.03688 0.08686 ( 2)
 284 D   0.80511 0.07629 0.10699 0.01161 ( 1)
 285 A   0.00488 0.17307 0.20966 0.61239 ( 4)

